Folder Name                    MCC      Pred Prob    Rank     Percentile   Total
------------------------------------------------------------------------------------------
15                             1.0000   0.934080     1       100.0      %10     ★
268                            1.0000   0.442321     1       100.0      %6      ★
115                            1.0000   0.867319     1       100.0      %10     ★
86                             1.0000   0.869893     1       100.0      %10     ★
37                             1.0000   0.838688     1       100.0      %10     ★
517                            1.0000   0.900200     1       100.0      %4      ★
63                             1.0000   0.893527     1       100.0      %10     ★
98                             1.0000   0.929731     1       100.0      %10     ★
271                            1.0000   0.809945     1       100.0      %7      ★
55                             1.0000   0.904126     1       100.0      %10     ★
75                             1.0000   0.907364     1       100.0      %10     ★
286                            1.0000   0.926388     1       100.0      %2      ★
521                            1.0000   0.856295     1       100.0      %3      ★
42                             1.0000   0.869139     1       100.0      %10     ★
258                            1.0000   0.902692     1       100.0      %3      ★
92                             1.0000   0.907798     1       100.0      %10     ★
14                             1.0000   0.933053     1       100.0      %10     ★
514                            1.0000   0.708821     1       100.0      %4      ★
87                             1.0000   0.846109     1       100.0      %10     ★
515                            1.0000   0.921755     1       100.0      %4      ★
409                            1.0000   0.816007     1       100.0      %5      ★
88                             1.0000   0.918704     1       100.0      %10     ★
316                            1.0000   0.794885     1       100.0      %4      ★
225                            1.0000   0.849121     1       100.0      %2      ★
217                            1.0000   0.930265     1       100.0      %2      ★
299                            1.0000   0.801979     1       100.0      %3      ★
525                            1.0000   0.528295     1       100.0      %3      ★
334                            1.0000   0.916269     1       100.0      %2      ★
520                            1.0000   0.740638     1       100.0      %3      ★
276                            1.0000   0.687573     1       100.0      %3      ★
447                            1.0000   0.587177     1       100.0      %4      ★
531                            1.0000   0.539860     1       100.0      %2      ★
436                            1.0000   0.570270     1       100.0      %2      ★
522                            1.0000   0.809800     1       100.0      %2      ★
203                            1.0000   0.893533     1       100.0      %2      ★
347                            1.0000   0.722951     1       100.0      %2      ★
524                            1.0000   0.826576     1       100.0      %2      ★
56                             0.9480   0.882942     1       100.0      %10     ★
8                              0.9468   0.920633     1       100.0      %10     ★
82                             0.9464   0.868492     1       100.0      %10     ★
97                             0.9464   0.877016     1       100.0      %10     ★
69                             0.9464   0.914657     1       100.0      %10     ★
32                             0.9459   0.927012     1       100.0      %10     ★
108                            0.9456   0.891871     1       100.0      %10     ★
78                             0.9428   0.889650     1       100.0      %10     ★
106                            0.9416   0.929464     1       100.0      %10     ★
50                             0.9392   0.761465     1       100.0      %10     ★
9                              0.9379   0.766958     1       100.0      %9      ★
550                            0.8993   0.928827     1       100.0      %10     ★
422                            0.8944   0.923708     1       100.0      %10     ★
71                             0.8944   0.841650     1       100.0      %10     ★
26                             0.8938   0.877087     1       100.0      %10     ★
34                             0.8917   0.846016     1       100.0      %10     ★
49                             0.8855   0.923660     1       100.0      %10     ★
114                            0.8834   0.900540     1       100.0      %10     ★
91                             0.8810   0.860340     1       100.0      %10     ★
66                             0.8790   0.899101     1       100.0      %10     ★
54                             0.8783   0.781808     1       100.0      %10     ★
118                            0.8750   0.882823     1       100.0      %10     ★
441                            0.8697   0.741868     1       100.0      %2      ★
446                            0.8660   0.852596     1       100.0      %4      ★
89                             0.8597   0.723669     1       100.0      %10     ★
274                            0.8593   0.801257     1       100.0      %6      ★
51                             0.8593   0.902121     1       100.0      %10     ★
206                            0.8592   0.832276     1       100.0      %8      ★
80                             0.8535   0.909554     1       100.0      %10     ★
154                            0.8481   0.758896     1       100.0      %10     ★
351                            0.8461   0.744457     1       100.0      %3      ★
307                            0.8433   0.724002     1       100.0      %2      ★
68                             0.8373   0.901733     1       100.0      %10     ★
11                             0.8349   0.918698     1       100.0      %10     ★
148                            0.8333   0.760541     1       100.0      %10     ★
59                             0.8304   0.831478     1       100.0      %10     ★
261                            0.8234   0.529745     1       100.0      %10     ★
57                             0.8213   0.906073     1       100.0      %10     ★
70                             0.8208   0.896233     1       100.0      %10     ★
95                             0.8204   0.803171     1       100.0      %10     ★
74                             0.8166   0.831136     1       100.0      %10     ★
298                            0.8165   0.873352     1       100.0      %2      ★
149                            0.8055   0.743470     1       100.0      %10     ★
532                            0.8000   0.837855     1       100.0      %8      ★
533                            0.7910   0.749951     1       100.0      %4      ★
3                              0.7852   0.947150     1       100.0      %10     ★
313                            0.7410   0.796243     1       100.0      %5      ★
153                            0.7408   0.740956     1       100.0      %10     ★
39                             0.7389   0.763598     1       100.0      %10     ★
280                            0.7365   0.764529     1       100.0      %10     ★
7                              0.7348   0.909074     1       100.0      %10     ★
291                            0.7345   0.686674     1       100.0      %7      ★
310                            0.7271   0.792288     1       100.0      %9      ★
124                            0.7215   0.656449     1       100.0      %10     ★
425                            0.7212   0.899093     1       100.0      %10     ★
290                            0.7174   0.842772     1       100.0      %10     ★
159                            0.7083   0.746498     1       100.0      %10     ★
229                            0.7025   0.775030     1       100.0      %10     ★
383                            0.6951   0.634641     1       100.0      %10     ★
350                            0.6930   0.651819     1       100.0      %10     ★
40                             0.6902   0.778984     1       100.0      %10     ★
58                             0.6865   0.700256     1       100.0      %10     ★
157                            0.6831   0.805327     1       100.0      %10     ★
72                             0.6818   0.779228     1       100.0      %10     ★
297                            0.6806   0.566812     1       100.0      %10     ★
272                            0.6804   0.730366     1       100.0      %10     ★
526                            0.6770   0.740336     1       100.0      %6      ★
53                             0.6748   0.899170     1       100.0      %10     ★
539                            0.6722   0.798421     1       100.0      %10     ★
116                            0.6698   0.794645     1       100.0      %10     ★
64                             0.6682   0.733517     1       100.0      %10     ★
591                            0.6630   0.656266     1       100.0      %10     ★
110                            0.6574   0.917318     1       100.0      %10     ★
195                            0.6573   0.475702     1       100.0      %4      ★
235                            0.6567   0.898894     1       100.0      %2      ★
48                             0.6565   0.795800     1       100.0      %10     ★
548                            0.6556   0.820237     1       100.0      %10     ★
328                            0.6549   0.736535     1       100.0      %10     ★
2                              0.6473   0.830657     1       100.0      %10     ★
156                            0.6453   0.812491     1       100.0      %10     ★
46                             0.6441   0.749742     1       100.0      %10     ★
146                            0.6436   0.755028     1       100.0      %10     ★
209                            0.6397   0.578865     1       100.0      %10     ★
147                            0.6367   0.590039     1       100.0      %10     ★
151                            0.6351   0.740422     1       100.0      %10     ★
315                            0.6325   0.647111     1       100.0      %2      ★
376                            0.6325   0.490953     1       100.0      %2      ★
269                            0.6323   0.572369     1       100.0      %10     ★
273                            0.6305   0.807515     1       100.0      %10     ★
139                            0.6274   0.651668     1       100.0      %10     ★
84                             0.6270   0.714617     1       100.0      %10     ★
109                            0.6212   0.858339     1       100.0      %10     ★
41                             0.6159   0.837279     1       100.0      %10     ★
113                            0.6016   0.866689     1       100.0      %10     ★
456                            0.6002   0.845645     1       100.0      %10     ★
474                            0.5988   0.661023     1       100.0      %10     ★
96                             0.5962   0.804281     1       100.0      %10     ★
426                            0.5956   0.808231     1       100.0      %10     ★
93                             0.5948   0.783084     1       100.0      %10     ★
79                             0.5938   0.827512     1       100.0      %10     ★
83                             0.5938   0.767233     1       100.0      %10     ★
552                            0.5937   0.794510     1       100.0      %10     ★
163                            0.5912   0.861387     1       100.0      %10     ★
553                            0.5851   0.782086     1       100.0      %10     ★
127                            0.5846   0.646171     1       100.0      %10     ★
90                             0.5840   0.826225     1       100.0      %8      ★
65                             0.5834   0.848024     1       100.0      %10     ★
62                             0.5829   0.787546     1       100.0      %10     ★
283                            0.5820   0.524342     1       100.0      %7      ★
164                            0.5782   0.773033     1       100.0      %10     ★
16                             0.5747   0.764359     1       100.0      %10     ★
398                            0.5744   0.570599     1       100.0      %10     ★
190                            0.5718   0.279278     1       100.0      %2      ★
265                            0.5704   0.781522     1       100.0      %10     ★
45                             0.5698   0.715977     1       100.0      %10     ★
119                            0.5690   0.693842     1       100.0      %10     ★
382                            0.5547   0.711804     1       100.0      %2      ★
480                            0.5481   0.674520     1       100.0      %10     ★
20                             0.5431   0.688552     1       100.0      %10     ★
576                            0.5424   0.787123     1       100.0      %10     ★
292                            0.5401   0.694195     1       100.0      %10     ★
100                            0.5388   0.801980     1       100.0      %10     ★
559                            0.5387   0.745986     1       100.0      %10     ★
455                            0.5385   0.749919     1       100.0      %10     ★
33                             0.5352   0.815813     1       100.0      %10     ★
435                            0.5344   0.578292     1       100.0      %10     ★
483                            0.5285   0.610675     1       100.0      %10     ★
238                            0.5271   0.662861     1       100.0      %10     ★
27                             0.5148   0.776471     1       100.0      %10     ★
303                            0.5124   0.588988     1       100.0      %10     ★
160                            0.5101   0.748553     1       100.0      %10     ★
43                             0.5071   0.839351     1       100.0      %10     ★
112                            0.5019   0.615931     1       100.0      %10     ★
38                             0.4993   0.809061     1       100.0      %10     ★
459                            0.4953   0.739725     1       100.0      %10     ★
5                              0.4915   0.741811     1       100.0      %10     ★
414                            0.4903   0.792571     1       100.0      %10     ★
67                             0.4844   0.783242     1       100.0      %10     ★
143                            0.4810   0.721881     1       100.0      %10     ★
23                             0.4809   0.766104     1       100.0      %10     ★
412                            0.4803   0.741843     1       100.0      %10     ★
77                             0.4793   0.713071     1       100.0      %10     ★
577                            0.4787   0.736439     1       100.0      %10     ★
434                            0.4781   0.570402     1       100.0      %2      ★
279                            0.4781   0.644463     1       100.0      %2      ★
475                            0.4750   0.575074     1       100.0      %10     ★
573                            0.4737   0.459039     1       100.0      %10     ★
174                            0.4690   0.612847     1       100.0      %10     ★
558                            0.4669   0.622765     1       100.0      %10     ★
155                            0.4659   0.779109     1       100.0      %10     ★
99                             0.4653   0.603902     1       100.0      %10     ★
60                             0.4600   0.724124     1       100.0      %10     ★
36                             0.4591   0.677731     1       100.0      %10     ★
554                            0.4558   0.763950     1       100.0      %10     ★
557                            0.4547   0.564176     1       100.0      %10     ★
17                             0.4541   0.648100     1       100.0      %10     ★
496                            0.4538   0.609926     1       100.0      %10     ★
544                            0.4523   0.764375     1       100.0      %10     ★
73                             0.4478   0.723348     1       100.0      %10     ★
543                            0.4449   0.688216     1       100.0      %10     ★
561                            0.4427   0.570599     1       100.0      %10     ★
107                            0.4419   0.680766     1       100.0      %10     ★
101                            0.4383   0.721411     1       100.0      %10     ★
105                            0.4334   0.776453     1       100.0      %10     ★
135                            0.4314   0.633016     1       100.0      %10     ★
94                             0.4239   0.605053     1       100.0      %10     ★
44                             0.4213   0.673331     1       100.0      %10     ★
247                            0.4202   0.661993     1       100.0      %10     ★
560                            0.4170   0.636630     1       100.0      %10     ★
581                            0.4152   0.681508     1       100.0      %10     ★
25                             0.4149   0.684495     1       100.0      %10     ★
325                            0.4141   0.589327     1       100.0      %10     ★
433                            0.3948   0.810603     1       100.0      %10     ★
450                            0.3918   0.605899     1       100.0      %10     ★
0                              0.3742   0.646565     1       100.0      %10     ★
150                            0.3716   0.654625     1       100.0      %10     ★
345                            0.3627   0.587021     1       100.0      %10     ★
538                            0.3463   0.658670     1       100.0      %10     ★
35                             0.3435   0.701815     1       100.0      %10     ★
277                            0.3381   0.567548     1       100.0      %3      ★
126                            0.3343   0.431587     1       100.0      %10     ★
24                             0.3311   0.728520     1       100.0      %10     ★
500                            0.3309   0.668868     1       100.0      %10     ★
281                            0.3278   0.595769     1       100.0      %10     ★
540                            0.3264   0.625732     1       100.0      %10     ★
402                            0.3212   0.738146     1       100.0      %9      ★
12                             0.3208   0.753963     1       100.0      %10     ★
340                            0.3201   0.686430     1       100.0      %10     ★
488                            0.3104   0.624646     1       100.0      %10     ★
323                            0.3055   0.610230     1       100.0      %10     ★
111                            0.3041   0.773423     1       100.0      %10     ★
574                            0.2979   0.698123     1       100.0      %10     ★
374                            0.2953   0.635627     1       100.0      %10     ★
416                            0.2924   0.600425     1       100.0      %10     ★
152                            0.2918   0.663184     1       100.0      %10     ★
417                            0.2701   0.710527     1       100.0      %10     ★
138                            0.2642   0.449144     1       100.0      %10     ★
541                            0.2632   0.715765     1       100.0      %10     ★
166                            0.2545   0.511797     1       100.0      %10     ★
140                            0.2532   0.538240     1       100.0      %10     ★
564                            0.2421   0.723675     1       100.0      %10     ★
366                            0.2404   0.827384     1       100.0      %2      ★
121                            0.2311   0.441208     1       100.0      %10     ★
451                            0.2219   0.582532     1       100.0      %10     ★
30                             0.2109   0.559947     1       100.0      %10     ★
489                            0.1868   0.566391     1       100.0      %10     ★
583                            0.1860   0.761233     1       100.0      %10     ★
232                            0.1762   0.479911     1       100.0      %10     ★
103                            0.1729   0.658804     1       100.0      %10     ★
134                            0.1712   0.485014     1       100.0      %10     ★
497                            0.1613   0.604744     1       100.0      %10     ★
205                            0.1596   0.508348     1       100.0      %10     ★
418                            0.1532   0.467649     1       100.0      %10     ★
495                            0.1407   0.579687     1       100.0      %10     ★
259                            0.1234   0.713386     1       100.0      %10     ★
551                            0.1231   0.393515     1       100.0      %10     ★
6                              0.1195   0.607706     1       100.0      %10     ★
588                            0.1150   0.559620     1       100.0      %10     ★
250                            0.0949   0.606350     1       100.0      %10     ★
230                            0.0726   0.530329     1       100.0      %10     ★
503                            0.0407   0.430101     1       100.0      %10     ★
509                            0.0370   0.774859     1       100.0      %3      ★
318                            0.0166   0.475002     1       100.0      %10     ★
468                            -0.0012  0.527512     1       100.0      %10     ★
326                            -0.0796  0.458399     1       100.0      %10     ★
167                            -0.0803  0.600687     1       100.0      %10     ★
580                            -0.2135  0.372811     1       100.0      %10     ★
428                            -0.2357  0.424115     1       100.0      %2      ★
233                            -0.2698  0.592301     1       100.0      %2      ★
207                            -0.2831  0.677211     1       100.0      %2      ★
212                            -0.3016  0.389126     1       100.0      %2      ★
260                            -0.3068  0.450019     1       100.0      %2      ★
301                            -0.3282  0.805412     1       100.0      %3      ★
388                            -0.3325  0.427720     1       100.0      %2      ★
211                            -0.3464  0.608171     1       100.0      %3      ★
254                            -0.3829  0.467119     1       100.0      %10     ★
400                            -0.6963  0.455546     1       100.0      %2      ★
372                            0.9143   0.751231     2       75.0       %5     
348                            0.8677   0.684297     2       88.9       %10    
379                            0.8367   0.417342     2       0.0        %2     
319                            0.7368   0.737770     2       88.9       %10    
463                            0.6963   0.758414     2       88.9       %10    
353                            0.6506   0.676957     2       88.9       %10    
390                            0.6454   0.596388     2       66.7       %4     
10                             0.6389   0.646076     2       88.9       %10    
142                            0.6369   0.730782     2       88.9       %10    
1                              0.6130   0.737466     2       88.9       %10    
19                             0.5600   0.722483     2       88.9       %10    
563                            0.5506   0.512536     2       88.9       %10    
336                            0.5477   0.524312     2       88.9       %10    
453                            0.5428   0.630162     2       88.9       %10    
304                            0.5413   0.595782     2       88.9       %10    
144                            0.5319   0.720675     2       88.9       %10    
549                            0.5270   0.777505     2       88.9       %10    
378                            0.5222   0.745458     2       66.7       %4     
516                            0.5137   0.355620     2       87.5       %9     
28                             0.5079   0.673092     2       88.9       %10    
241                            0.5077   0.707726     2       88.9       %10    
102                            0.5012   0.649703     2       88.9       %10    
575                            0.4731   0.730588     2       88.9       %10    
431                            0.4574   0.696336     2       88.9       %10    
224                            0.4440   0.618173     2       88.9       %10    
555                            0.4163   0.733607     2       88.9       %10    
177                            0.4159   0.484006     2       88.9       %10    
542                            0.3942   0.643459     2       88.9       %10    
104                            0.3895   0.684499     2       88.9       %10    
222                            0.3875   0.639438     2       88.9       %10    
173                            0.3831   0.611541     2       88.9       %10    
18                             0.3796   0.657753     2       88.9       %10    
120                            0.3250   0.651108     2       88.9       %10    
320                            0.3131   0.532395     2       88.9       %10    
572                            0.3128   0.617059     2       88.9       %10    
415                            0.3101   0.490165     2       88.9       %10    
165                            0.3065   0.520730     2       88.9       %10    
85                             0.3057   0.638078     2       88.9       %10    
21                             0.2952   0.592717     2       88.9       %10    
505                            0.2847   0.594219     2       88.9       %10    
570                            0.2757   0.495010     2       88.9       %10    
76                             0.2692   0.606353     2       88.9       %10    
569                            0.2552   0.500168     2       88.9       %10    
133                            0.2525   0.462182     2       88.9       %10    
61                             0.2382   0.619259     2       88.9       %10    
413                            0.2334   0.545972     2       88.9       %10    
302                            0.2306   0.710520     2       88.9       %10    
13                             0.2297   0.587307     2       88.9       %10    
536                            0.2283   0.553897     2       88.9       %10    
136                            0.2041   0.509220     2       88.9       %10    
585                            0.1672   0.561156     2       88.9       %10    
179                            0.1555   0.492147     2       88.9       %10    
578                            0.1191   0.540740     2       88.9       %10    
501                            0.0988   0.492868     2       88.9       %10    
312                            0.0783   0.473099     2       88.9       %10    
506                            0.0462   0.608935     2       88.9       %10    
566                            0.0314   0.600141     2       88.9       %10    
502                            -0.2192  0.475055     2       88.9       %10    
385                            -0.5241  0.251150     2       0.0        %2     
346                            -0.7273  0.494322     2       0.0        %2     
568                            0.7890   0.644783     3       77.8       %10    
519                            0.7687   0.556557     3       50.0       %5     
556                            0.7377   0.596943     3       77.8       %10    
289                            0.6502   0.505529     3       66.7       %7     
145                            0.6455   0.605973     3       77.8       %10    
361                            0.6172   0.480174     3       0.0        %3     
117                            0.5874   0.741933     3       77.8       %10    
547                            0.5822   0.762714     3       77.8       %10    
22                             0.4741   0.663555     3       77.8       %10    
125                            0.4634   0.538791     3       77.8       %10    
285                            0.4601   0.412499     3       77.8       %10    
128                            0.4527   0.533479     3       77.8       %10    
123                            0.4076   0.540413     3       77.8       %10    
29                             0.3895   0.694438     3       77.8       %10    
81                             0.3768   0.650732     3       77.8       %10    
4                              0.3386   0.586358     3       77.8       %10    
158                            0.3360   0.559599     3       77.8       %10    
586                            0.3343   0.590334     3       77.8       %10    
31                             0.3201   0.624229     3       77.8       %10    
251                            0.3155   0.385638     3       77.8       %10    
537                            0.3105   0.621410     3       77.8       %10    
52                             0.3038   0.525454     3       77.8       %10    
161                            0.2959   0.650010     3       77.8       %10    
589                            0.2954   0.572027     3       77.8       %10    
342                            0.2812   0.608603     3       77.8       %10    
130                            0.2798   0.560418     3       77.8       %10    
122                            0.2784   0.547056     3       77.8       %10    
584                            0.2745   0.552015     3       77.8       %10    
546                            0.2647   0.626306     3       77.8       %10    
162                            0.2619   0.452899     3       77.8       %10    
137                            0.2297   0.525989     3       77.8       %10    
141                            0.2063   0.459172     3       77.8       %10    
565                            0.2049   0.592369     3       77.8       %10    
590                            0.1951   0.541726     3       77.8       %10    
270                            0.1590   0.500044     3       77.8       %10    
47                             0.1100   0.486494     3       77.8       %10    
571                            0.0826   0.490959     3       77.8       %10    
364                            0.0789   0.565234     3       77.8       %10    
231                            0.0273   0.577138     3       77.8       %10    
294                            -0.5384  0.192209     3       0.0        %3     
352                            0.5984   0.543144     4       66.7       %10    
473                            0.5403   0.568764     4       66.7       %10    
384                            0.4917   0.541725     4       66.7       %10    
358                            0.3725   0.482446     4       66.7       %10    
170                            0.3703   0.612372     4       66.7       %10    
359                            0.3113   0.531464     4       66.7       %10    
333                            0.2840   0.629946     4       66.7       %10    
215                            0.2759   0.563894     4       50.0       %7     
499                            0.1882   0.566939     4       66.7       %10    
288                            0.0638   0.505314     4       66.7       %10    
504                            -0.0487  0.446843     4       66.7       %10    
317                            -0.1033  0.501555     4       66.7       %10    
545                            0.6814   0.278096     5       50.0       %9     
182                            0.4983   0.539344     5       55.6       %10    
562                            0.4381   0.688763     5       55.6       %10    
476                            0.4372   0.570376     5       55.6       %10    
477                            0.4224   0.615043     5       55.6       %10    
237                            0.4108   0.453074     5       55.6       %10    
406                            0.2828   0.421589     5       55.6       %10    
481                            -0.0760  0.537413     5       55.6       %10    
478                            0.6972   0.634421     6       44.4       %10    
169                            0.6038   0.540990     6       44.4       %10    
479                            0.5703   0.602607     6       44.4       %10    
171                            0.5395   0.638091     6       44.4       %10    
405                            0.5295   0.367379     6       44.4       %10    
535                            0.5124   0.546087     6       44.4       %10    
387                            0.4002   0.461794     6       44.4       %10    
132                            0.3203   0.520142     6       44.4       %10    
253                            -0.1459  0.371939     6       44.4       %10    
176                            0.5144   0.497857     7       33.3       %10    
368                            0.4618   0.336767     7       33.3       %10    
454                            0.4015   0.558902     7       33.3       %10    
189                            0.3291   0.540323     7       33.3       %10    
485                            0.2572   0.461369     7       33.3       %10    
341                            0.2238   0.634273     7       33.3       %10    
493                            0.0587   0.541616     7       33.3       %10    
180                            0.6242   0.505047     8       22.2       %10    
466                            0.6060   0.504234     8       22.2       %10    
492                            0.4580   0.584630     8       22.2       %10    
129                            0.2747   0.438232     8       22.2       %10    
335                            0.2338   0.575059     8       22.2       %10    
252                            0.1343   0.555899     8       22.2       %10    
362                            0.0424   0.459550     8       22.2       %10    
471                            -0.0358  0.326983     8       22.2       %10    
175                            0.6602   0.551629     9       11.1       %10    
172                            0.5533   0.599941     9       11.1       %10    
484                            0.3536   0.634479     9       11.1       %10    
396                            0.3341   0.475613     9       11.1       %10    
181                            0.1629   0.640276     9       11.1       %10    
587                            -0.0588  0.581200     9       11.1       %10    
131                            -0.0707  0.304806     9       11.1       %10    
377                            -0.0966  0.529586     9       11.1       %10    
482                            -0.3589  0.398430     9       11.1       %10    
464                            0.4902   0.620539     10      0.0        %10    
407                            0.4709   0.564634     10      0.0        %10    
178                            0.3321   0.525389     10      0.0        %10    
579                            0.1194   0.296948     10      0.0        %10    
518                            0.0291   0.568092     10      0.0        %10    
168                            0.0251   0.479008     10      0.0        %10    
469                            -0.3366  0.271664     10      0.0        %10    